/*--------------------------------*- C++ -*----------------------------------*=========                 |
  \      /  F ield         | OpenFOAM: The Open Source CFD Toolbox
   \    /   O peration     | Website:  https://openfoam.org
    \  /    A nd           | Version:  6
     \/     M anipulation  |
\*---------------------------------------------------------------------------*/
FoamFile
{
    version     2.0;
    format      ascii;
    class       volScalarField;
    location    "0";
    object      PPD;
}
// * * * * * * * * * * * * * * * * * * * * * * * * * * * * * * * * * * * * * //

dimensions      [0 0 0 0 0 0 0];

internalField   nonuniform List<scalar> 
458
(
97.11933366313258
97.11933366313258
97.11933366313258
97.11933366313258
97.11933366313258
97.11933366313258
97.11933366313258
97.11933366313258
97.11933366313258
97.11933366313258
97.11933366313258
97.11933366313258
97.11933366313258
97.11933366313258
97.11933366313258
97.11933366313258
97.11933366313258
97.11933366313258
97.11933366313258
97.11933366313258
97.11933366313258
97.11933366313258
97.11933366313258
97.11933366313258
97.11933366313258
97.11933366313258
97.11933366313258
97.11933366313258
97.11933366313258
97.11933366313258
97.11933366313258
97.11933366313258
97.11933366313258
97.11933366313258
97.11933366313258
97.11933366313258
97.11933366313258
97.11933366313258
97.11933366313258
97.11933366313258
97.11933366313258
97.11933366313258
97.11933366313258
97.11933366313258
97.11933366313258
97.11933366313258
97.11933366313258
97.11933366313258
97.11933366313258
97.11933366313258
97.11933366313258
97.11933366313258
97.11933366313258
97.11933366313258
97.11933366313258
97.11933366313258
97.11933366313258
97.11933366313258
97.11933366313258
97.11933366313258
97.11933366313258
97.11933366313258
97.11933366313258
97.11933366313258
97.11933366313258
97.11933366313258
97.11933366313258
97.11933366313258
97.11933366313258
97.11933366313258
97.11933366313258
97.11933366313258
97.11933366313258
97.11933366313258
97.11933366313258
97.11933366313258
97.11933366313258
97.11933366313258
97.11933366313258
97.11933366313258
97.11933366313258
97.11933366313258
97.11933366313258
97.11933366313258
97.11933366313258
97.11933366313258
97.11933366313258
97.11933366313258
97.11933366313258
97.11933366313258
97.11933366313258
97.11933366313258
97.11933366313258
97.11933366313258
97.11933366313258
97.11933366313258
97.11933366313258
97.11933366313258
97.11933366313258
97.11933366313258
97.11933366313258
97.11933366313258
97.11933366313258
97.11933366313258
97.11933366313258
97.11933366313258
97.11933366313258
97.11933366313258
97.11933366313258
97.11933366313258
97.11933366313258
97.11933366313258
97.11933366313258
97.11933366313258
97.11933366313258
97.11933366313258
97.11933366313258
97.11933366313258
97.11933366313258
97.11933366313258
97.11933366313258
97.11933366313258
97.11933366313258
97.11933366313258
97.11933366313258
97.11933366313258
97.11933366313258
97.11933366313258
97.11933366313258
97.11933366313258
97.11933366313258
97.11933366313258
97.11933366313258
97.11933366313258
97.11933366313258
97.11933366313258
97.11933366313258
97.11933366313258
97.11933366313258
97.11933366313258
97.11933366313258
97.11933366313258
97.11933366313258
97.11933366313258
97.11933366313258
97.11933366313258
97.11933366313258
97.11933366313258
97.11933366313258
97.11933366313258
97.11933366313258
97.11933366313258
97.11933366313258
97.11933366313258
97.11933366313258
97.11933366313258
97.11933366313258
97.11933366313258
97.11933366313258
97.11933366313258
97.11933366313258
97.11933366313258
97.11933366313258
97.11933366313258
97.11933366313258
97.11933366313258
97.11933366313258
97.11933366313258
97.11933366313258
97.11933366313258
97.11933366313258
97.11933366313258
97.11933366313258
97.11933366313258
97.11933366313258
97.11933366313258
97.11933366313258
97.11933366313258
97.11933366313258
97.11933366313258
97.11933366313258
97.11933366313258
97.11933366313258
97.11933366313258
97.11933366313258
97.11933366313258
97.11933366313258
97.11933366313258
97.11933366313258
97.11933366313258
97.11933366313258
97.11933366313258
97.11933366313258
97.11933366313258
97.11933366313258
97.11933366313258
97.11933366313258
97.11933366313258
97.11933366313258
97.11933366313258
97.11933366313258
97.11933366313258
97.11933366313258
97.11933366313258
97.11933366313258
97.11933366313258
97.11933366313258
97.11933366313258
97.11933366313258
97.11933366313258
97.11933366313258
97.11933366313258
97.11933366313258
97.11933366313258
97.11933366313258
97.11933366313258
97.11933366313258
97.11933366313258
97.11933366313258
97.11933366313258
97.11933366313258
97.11933366313258
97.11933366313258
97.11933366313258
97.11933366313258
97.11933366313258
97.11933366313258
97.11933366313258
97.11933366313258
97.11933366313258
97.11933366313258
97.11933366313258
97.11933366313258
97.11933366313258
97.11933366313258
97.11933366313258
97.11933366313258
97.11933366313258
97.11933366313258
97.11933366313258
97.11933366313258
97.11933366313258
97.11933366313258
97.11933366313258
97.11933366313258
97.11933366313258
97.11933366313258
97.11933366313258
97.11933366313258
97.11933366313258
97.11933366313258
97.11933366313258
97.11933366313258
97.11933366313258
97.11933366313258
97.11933366313258
97.11933366313258
97.11933366313258
97.11933366313258
97.11933366313258
97.11933366313258
97.11933366313258
97.11933366313258
97.11933366313258
97.11933366313258
97.11933366313258
97.11933366313258
97.11933366313258
97.11933366313258
97.11933366313258
97.11933366313258
97.11933366313258
97.11933366313258
97.11933366313258
97.11933366313258
97.11933366313258
97.11933366313258
97.11933366313258
97.11933366313258
97.11933366313258
97.11933366313258
97.11933366313258
97.11933366313258
97.11933366313258
97.11933366313258
97.11933366313258
97.11933366313258
97.11933366313258
97.11933366313258
97.11933366313258
97.11933366313258
97.11933366313258
97.11933366313258
97.11933366313258
97.11933366313258
97.11933366313258
97.11933366313258
97.11933366313258
97.11933366313258
97.11933366313258
97.11933366313258
97.11933366313258
97.11933366313258
97.11933366313258
97.11933366313258
97.11933366313258
97.11933366313258
97.11933366313258
97.11933366313258
97.11933366313258
97.11933366313258
97.11933366313258
97.11933366313258
97.11933366313258
97.11933366313258
97.11933366313258
97.11933366313258
97.11933366313258
97.11933366313258
97.11933366313258
97.11933366313258
97.11933366313258
97.11933366313258
97.11933366313258
97.11933366313258
97.11933366313258
97.11933366313258
97.11933366313258
97.11933366313258
97.11933366313258
97.11933366313258
97.11933366313258
97.11933366313258
97.11933366313258
97.11933366313258
97.11933366313258
97.11933366313258
97.11933366313258
97.11933366313258
97.11933366313258
97.11933366313258
97.11933366313258
97.11933366313258
97.11933366313258
97.11933366313258
97.11933366313258
97.11933366313258
97.11933366313258
97.11933366313258
97.11933366313258
97.11933366313258
97.11933366313258
97.11933366313258
97.11933366313258
97.11933366313258
97.11933366313258
97.11933366313258
97.11933366313258
97.11933366313258
97.11933366313258
97.11933366313258
97.11933366313258
97.11933366313258
97.11933366313258
97.11933366313258
97.11933366313258
97.11933366313258
97.11933366313258
97.11933366313258
97.11933366313258
97.11933366313258
97.11933366313258
97.11933366313258
97.11933366313258
97.11933366313258
97.11933366313258
97.11933366313258
97.11933366313258
97.11933366313258
97.11933366313258
97.11933366313258
97.11933366313258
97.11933366313258
97.11933366313258
97.11933366313258
97.11933366313258
97.11933366313258
97.11933366313258
97.11933366313258
97.11933366313258
97.11933366313258
97.11933366313258
97.11933366313258
97.11933366313258
97.11933366313258
97.11933366313258
97.11933366313258
97.11933366313258
97.11933366313258
97.11933366313258
97.11933366313258
97.11933366313258
97.11933366313258
97.11933366313258
97.11933366313258
97.11933366313258
97.11933366313258
97.11933366313258
97.11933366313258
97.11933366313258
97.11933366313258
97.11933366313258
97.11933366313258
97.11933366313258
97.11933366313258
97.11933366313258
97.11933366313258
97.11933366313258
97.11933366313258
97.11933366313258
97.11933366313258
97.11933366313258
97.11933366313258
97.11933366313258
97.11933366313258
97.11933366313258
97.11933366313258
97.11933366313258
97.11933366313258
97.11933366313258
97.11933366313258
97.11933366313258
97.11933366313258
97.11933366313258
97.11933366313258
97.11933366313258
97.11933366313258
97.11933366313258
97.11933366313258
97.11933366313258
97.11933366313258
97.11933366313258
97.11933366313258
97.11933366313258
97.11933366313258
97.11933366313258
97.11933366313258
97.11933366313258
97.11933366313258
97.11933366313258
97.11933366313258
97.11933366313258
97.11933366313258
97.11933366313258
97.11933366313258
97.11933366313258
97.11933366313258
97.11933366313258
)
;

boundaryField
{
    ".*"
    {
        type            zeroGradient;
    }
}


// ************************************************************************* //
